wall_seconds,16.028
